(kicad_pcb (version 20171130) (host pcbnew 5.0.2-bee76a0~70~ubuntu18.04.1)

  (general
    (thickness 1.6)
    (drawings 2)
    (tracks 267)
    (zones 0)
    (modules 41)
    (nets 27)
  )

  (page A4)
  (layers
    (0 F.Cu signal)
    (31 B.Cu signal)
    (32 B.Adhes user)
    (33 F.Adhes user)
    (34 B.Paste user)
    (35 F.Paste user)
    (36 B.SilkS user)
    (37 F.SilkS user)
    (38 B.Mask user)
    (39 F.Mask user)
    (40 Dwgs.User user)
    (41 Cmts.User user)
    (42 Eco1.User user)
    (43 Eco2.User user)
    (44 Edge.Cuts user)
    (45 Margin user)
    (46 B.CrtYd user)
    (47 F.CrtYd user)
    (48 B.Fab user)
    (49 F.Fab user)
  )

  (setup
    (last_trace_width 0.5)
    (user_trace_width 0.5)
    (user_trace_width 1)
    (user_trace_width 1.5)
    (user_trace_width 2)
    (user_trace_width 3)
    (user_trace_width 4)
    (trace_clearance 0.2)
    (zone_clearance 0.508)
    (zone_45_only no)
    (trace_min 0.2)
    (segment_width 0.2)
    (edge_width 0.15)
    (via_size 0.8)
    (via_drill 0.4)
    (via_min_size 0.4)
    (via_min_drill 0.3)
    (uvia_size 0.3)
    (uvia_drill 0.1)
    (uvias_allowed no)
    (uvia_min_size 0.2)
    (uvia_min_drill 0.1)
    (pcb_text_width 0.3)
    (pcb_text_size 1.5 1.5)
    (mod_edge_width 0.15)
    (mod_text_size 1 1)
    (mod_text_width 0.15)
    (pad_size 1.524 1.524)
    (pad_drill 0.762)
    (pad_to_mask_clearance 0.051)
    (solder_mask_min_width 0.25)
    (aux_axis_origin 0 0)
    (visible_elements FFFFFF7F)
    (pcbplotparams
      (layerselection 0x010fc_ffffffff)
      (usegerberextensions false)
      (usegerberattributes false)
      (usegerberadvancedattributes false)
      (creategerberjobfile false)
      (excludeedgelayer true)
      (linewidth 0.100000)
      (plotframeref false)
      (viasonmask false)
      (mode 1)
      (useauxorigin false)
      (hpglpennumber 1)
      (hpglpenspeed 20)
      (hpglpendiameter 15.000000)
      (psnegative false)
      (psa4output false)
      (plotreference true)
      (plotvalue true)
      (plotinvisibletext false)
      (padsonsilk false)
      (subtractmaskfromsilk false)
      (outputformat 1)
      (mirror false)
      (drillshape 1)
      (scaleselection 1)
      (outputdirectory ""))
  )

  (net 0 "")
  (net 1 GND)
  (net 2 "Net-(J2-Pad1)")
  (net 3 "Net-(J3-Pad1)")
  (net 4 -15V)
  (net 5 "Net-(Q1-Pad2)")
  (net 6 /pos_clamp_voltage)
  (net 7 +15V)
  (net 8 /neg_clamp_voltage)
  (net 9 /offset_voltage)
  (net 10 "Net-(Q5-Pad1)")
  (net 11 "Net-(R2-Pad1)")
  (net 12 "Net-(R2-Pad2)")
  (net 13 "Net-(R3-Pad1)")
  (net 14 "Net-(R4-Pad1)")
  (net 15 "Net-(R6-Pad1)")
  (net 16 "Net-(R10-Pad2)")
  (net 17 "Net-(R11-Pad2)")
  (net 18 "Net-(BNC_INT1-Pad3)")
  (net 19 "Net-(BNC_INT1-Pad2)")
  (net 20 "Net-(BNC_INT1-Pad1)")
  (net 21 "Net-(C1-Pad1)")
  (net 22 "Net-(C2-Pad1)")
  (net 23 "Net-(CLAMP_H1-Pad2)")
  (net 24 "Net-(CMM1-Pad2)")
  (net 25 "Net-(LEVEL1-Pad1)")
  (net 26 "Net-(LEVEL1-Pad3)")

  (net_class Default "This is the default net class."
    (clearance 0.2)
    (trace_width 0.25)
    (via_dia 0.8)
    (via_drill 0.4)
    (uvia_dia 0.3)
    (uvia_drill 0.1)
    (add_net +15V)
    (add_net -15V)
    (add_net /neg_clamp_voltage)
    (add_net /offset_voltage)
    (add_net /pos_clamp_voltage)
    (add_net GND)
    (add_net "Net-(BNC_INT1-Pad1)")
    (add_net "Net-(BNC_INT1-Pad2)")
    (add_net "Net-(BNC_INT1-Pad3)")
    (add_net "Net-(C1-Pad1)")
    (add_net "Net-(C2-Pad1)")
    (add_net "Net-(CLAMP_H1-Pad2)")
    (add_net "Net-(CMM1-Pad2)")
    (add_net "Net-(J2-Pad1)")
    (add_net "Net-(J3-Pad1)")
    (add_net "Net-(LEVEL1-Pad1)")
    (add_net "Net-(LEVEL1-Pad3)")
    (add_net "Net-(Q1-Pad2)")
    (add_net "Net-(Q5-Pad1)")
    (add_net "Net-(R10-Pad2)")
    (add_net "Net-(R11-Pad2)")
    (add_net "Net-(R2-Pad1)")
    (add_net "Net-(R2-Pad2)")
    (add_net "Net-(R3-Pad1)")
    (add_net "Net-(R4-Pad1)")
    (add_net "Net-(R6-Pad1)")
  )

  (module Connectors_Molex:Molex_KK-6410-03_03x2.54mm_Straight (layer F.Cu) (tedit 58EE6EE6) (tstamp 5E63DC78)
    (at 137.16 115.57 90)
    (descr "Connector Headers with Friction Lock, 22-27-2031, http://www.molex.com/pdm_docs/sd/022272021_sd.pdf")
    (tags "connector molex kk_6410 22-27-2031")
    (path /5E65717D)
    (fp_text reference BNC_INT1 (at 1 -4.5 90) (layer F.SilkS)
      (effects (font (size 1 1) (thickness 0.15)))
    )
    (fp_text value SW_SPDT (at 2.54 4.5 90) (layer F.Fab)
      (effects (font (size 1 1) (thickness 0.15)))
    )
    (fp_text user %R (at 2.54 0 90) (layer F.Fab)
      (effects (font (size 1 1) (thickness 0.15)))
    )
    (fp_line (start 7 3.5) (end -1.9 3.5) (layer F.CrtYd) (width 0.05))
    (fp_line (start 7 -3.55) (end 7 3.5) (layer F.CrtYd) (width 0.05))
    (fp_line (start -1.9 -3.55) (end 7 -3.55) (layer F.CrtYd) (width 0.05))
    (fp_line (start -1.9 3.5) (end -1.9 -3.55) (layer F.CrtYd) (width 0.05))
    (fp_line (start 5.88 -2.4) (end 5.88 -3.02) (layer F.SilkS) (width 0.12))
    (fp_line (start 4.28 -2.4) (end 5.88 -2.4) (layer F.SilkS) (width 0.12))
    (fp_line (start 4.28 -3.02) (end 4.28 -2.4) (layer F.SilkS) (width 0.12))
    (fp_line (start 3.34 -2.4) (end 3.34 -3.02) (layer F.SilkS) (width 0.12))
    (fp_line (start 1.74 -2.4) (end 3.34 -2.4) (layer F.SilkS) (width 0.12))
    (fp_line (start 1.74 -3.02) (end 1.74 -2.4) (layer F.SilkS) (width 0.12))
    (fp_line (start 0.8 -2.4) (end 0.8 -3.02) (layer F.SilkS) (width 0.12))
    (fp_line (start -0.8 -2.4) (end 0.8 -2.4) (layer F.SilkS) (width 0.12))
    (fp_line (start -0.8 -3.02) (end -0.8 -2.4) (layer F.SilkS) (width 0.12))
    (fp_line (start 4.83 2.98) (end 4.83 1.98) (layer F.SilkS) (width 0.12))
    (fp_line (start 0.25 2.98) (end 0.25 1.98) (layer F.SilkS) (width 0.12))
    (fp_line (start 4.83 1.55) (end 5.08 1.98) (layer F.SilkS) (width 0.12))
    (fp_line (start 0.25 1.55) (end 4.83 1.55) (layer F.SilkS) (width 0.12))
    (fp_line (start 0 1.98) (end 0.25 1.55) (layer F.SilkS) (width 0.12))
    (fp_line (start 5.08 1.98) (end 5.08 2.98) (layer F.SilkS) (width 0.12))
    (fp_line (start 0 1.98) (end 5.08 1.98) (layer F.SilkS) (width 0.12))
    (fp_line (start 0 2.98) (end 0 1.98) (layer F.SilkS) (width 0.12))
    (fp_line (start 6.45 -3.02) (end -1.37 -3.02) (layer F.SilkS) (width 0.12))
    (fp_line (start 6.45 2.98) (end 6.45 -3.02) (layer F.SilkS) (width 0.12))
    (fp_line (start -1.37 2.98) (end 6.45 2.98) (layer F.SilkS) (width 0.12))
    (fp_line (start -1.37 -3.02) (end -1.37 2.98) (layer F.SilkS) (width 0.12))
    (fp_line (start 6.55 -3.12) (end -1.47 -3.12) (layer F.Fab) (width 0.12))
    (fp_line (start 6.55 3.08) (end 6.55 -3.12) (layer F.Fab) (width 0.12))
    (fp_line (start -1.47 3.08) (end 6.55 3.08) (layer F.Fab) (width 0.12))
    (fp_line (start -1.47 -3.12) (end -1.47 3.08) (layer F.Fab) (width 0.12))
    (pad 3 thru_hole oval (at 5.08 0 90) (size 2 2.6) (drill 1.2) (layers *.Cu *.Mask)
      (net 18 "Net-(BNC_INT1-Pad3)"))
    (pad 2 thru_hole oval (at 2.54 0 90) (size 2 2.6) (drill 1.2) (layers *.Cu *.Mask)
      (net 19 "Net-(BNC_INT1-Pad2)"))
    (pad 1 thru_hole rect (at 0 0 90) (size 2 2.6) (drill 1.2) (layers *.Cu *.Mask)
      (net 20 "Net-(BNC_INT1-Pad1)"))
    (model ${KISYS3DMOD}/Connectors_Molex.3dshapes/Molex_KK-6410-03_03x2.54mm_Straight.wrl
      (at (xyz 0 0 0))
      (scale (xyz 1 1 1))
      (rotate (xyz 0 0 0))
    )
  )

  (module Capacitors_SMD:C_1206 (layer F.Cu) (tedit 58AA84B8) (tstamp 5E63DC89)
    (at 132.116078 83.91812 270)
    (descr "Capacitor SMD 1206, reflow soldering, AVX (see smccp.pdf)")
    (tags "capacitor 1206")
    (path /5E68FC7C)
    (attr smd)
    (fp_text reference C1 (at 0 -1.75 270) (layer F.SilkS)
      (effects (font (size 1 1) (thickness 0.15)))
    )
    (fp_text value C (at 0 2 270) (layer F.Fab)
      (effects (font (size 1 1) (thickness 0.15)))
    )
    (fp_text user %R (at 0 -1.75 270) (layer F.Fab)
      (effects (font (size 1 1) (thickness 0.15)))
    )
    (fp_line (start -1.6 0.8) (end -1.6 -0.8) (layer F.Fab) (width 0.1))
    (fp_line (start 1.6 0.8) (end -1.6 0.8) (layer F.Fab) (width 0.1))
    (fp_line (start 1.6 -0.8) (end 1.6 0.8) (layer F.Fab) (width 0.1))
    (fp_line (start -1.6 -0.8) (end 1.6 -0.8) (layer F.Fab) (width 0.1))
    (fp_line (start 1 -1.02) (end -1 -1.02) (layer F.SilkS) (width 0.12))
    (fp_line (start -1 1.02) (end 1 1.02) (layer F.SilkS) (width 0.12))
    (fp_line (start -2.25 -1.05) (end 2.25 -1.05) (layer F.CrtYd) (width 0.05))
    (fp_line (start -2.25 -1.05) (end -2.25 1.05) (layer F.CrtYd) (width 0.05))
    (fp_line (start 2.25 1.05) (end 2.25 -1.05) (layer F.CrtYd) (width 0.05))
    (fp_line (start 2.25 1.05) (end -2.25 1.05) (layer F.CrtYd) (width 0.05))
    (pad 1 smd rect (at -1.5 0 270) (size 1 1.6) (layers F.Cu F.Paste F.Mask)
      (net 21 "Net-(C1-Pad1)"))
    (pad 2 smd rect (at 1.5 0 270) (size 1 1.6) (layers F.Cu F.Paste F.Mask)
      (net 1 GND))
    (model Capacitors_SMD.3dshapes/C_1206.wrl
      (at (xyz 0 0 0))
      (scale (xyz 1 1 1))
      (rotate (xyz 0 0 0))
    )
  )

  (module Capacitors_SMD:C_1206 (layer F.Cu) (tedit 58AA84B8) (tstamp 5E63DC9A)
    (at 132.116078 88.99812 90)
    (descr "Capacitor SMD 1206, reflow soldering, AVX (see smccp.pdf)")
    (tags "capacitor 1206")
    (path /5E68FC12)
    (attr smd)
    (fp_text reference C2 (at 0 -1.75 90) (layer F.SilkS)
      (effects (font (size 1 1) (thickness 0.15)))
    )
    (fp_text value C (at 0 2 90) (layer F.Fab)
      (effects (font (size 1 1) (thickness 0.15)))
    )
    (fp_line (start 2.25 1.05) (end -2.25 1.05) (layer F.CrtYd) (width 0.05))
    (fp_line (start 2.25 1.05) (end 2.25 -1.05) (layer F.CrtYd) (width 0.05))
    (fp_line (start -2.25 -1.05) (end -2.25 1.05) (layer F.CrtYd) (width 0.05))
    (fp_line (start -2.25 -1.05) (end 2.25 -1.05) (layer F.CrtYd) (width 0.05))
    (fp_line (start -1 1.02) (end 1 1.02) (layer F.SilkS) (width 0.12))
    (fp_line (start 1 -1.02) (end -1 -1.02) (layer F.SilkS) (width 0.12))
    (fp_line (start -1.6 -0.8) (end 1.6 -0.8) (layer F.Fab) (width 0.1))
    (fp_line (start 1.6 -0.8) (end 1.6 0.8) (layer F.Fab) (width 0.1))
    (fp_line (start 1.6 0.8) (end -1.6 0.8) (layer F.Fab) (width 0.1))
    (fp_line (start -1.6 0.8) (end -1.6 -0.8) (layer F.Fab) (width 0.1))
    (fp_text user %R (at 0 -1.75 90) (layer F.Fab)
      (effects (font (size 1 1) (thickness 0.15)))
    )
    (pad 2 smd rect (at 1.5 0 90) (size 1 1.6) (layers F.Cu F.Paste F.Mask)
      (net 1 GND))
    (pad 1 smd rect (at -1.5 0 90) (size 1 1.6) (layers F.Cu F.Paste F.Mask)
      (net 22 "Net-(C2-Pad1)"))
    (model Capacitors_SMD.3dshapes/C_1206.wrl
      (at (xyz 0 0 0))
      (scale (xyz 1 1 1))
      (rotate (xyz 0 0 0))
    )
  )

  (module Capacitors_SMD:C_1206 (layer F.Cu) (tedit 58AA84B8) (tstamp 5E63DCAB)
    (at 124.496078 96.38812 90)
    (descr "Capacitor SMD 1206, reflow soldering, AVX (see smccp.pdf)")
    (tags "capacitor 1206")
    (path /5E68FB86)
    (attr smd)
    (fp_text reference C3 (at 0 -1.75 90) (layer F.SilkS)
      (effects (font (size 1 1) (thickness 0.15)))
    )
    (fp_text value C (at 0 2 90) (layer F.Fab)
      (effects (font (size 1 1) (thickness 0.15)))
    )
    (fp_text user %R (at 0 -1.75 90) (layer F.Fab)
      (effects (font (size 1 1) (thickness 0.15)))
    )
    (fp_line (start -1.6 0.8) (end -1.6 -0.8) (layer F.Fab) (width 0.1))
    (fp_line (start 1.6 0.8) (end -1.6 0.8) (layer F.Fab) (width 0.1))
    (fp_line (start 1.6 -0.8) (end 1.6 0.8) (layer F.Fab) (width 0.1))
    (fp_line (start -1.6 -0.8) (end 1.6 -0.8) (layer F.Fab) (width 0.1))
    (fp_line (start 1 -1.02) (end -1 -1.02) (layer F.SilkS) (width 0.12))
    (fp_line (start -1 1.02) (end 1 1.02) (layer F.SilkS) (width 0.12))
    (fp_line (start -2.25 -1.05) (end 2.25 -1.05) (layer F.CrtYd) (width 0.05))
    (fp_line (start -2.25 -1.05) (end -2.25 1.05) (layer F.CrtYd) (width 0.05))
    (fp_line (start 2.25 1.05) (end 2.25 -1.05) (layer F.CrtYd) (width 0.05))
    (fp_line (start 2.25 1.05) (end -2.25 1.05) (layer F.CrtYd) (width 0.05))
    (pad 1 smd rect (at -1.5 0 90) (size 1 1.6) (layers F.Cu F.Paste F.Mask)
      (net 22 "Net-(C2-Pad1)"))
    (pad 2 smd rect (at 1.5 0 90) (size 1 1.6) (layers F.Cu F.Paste F.Mask)
      (net 1 GND))
    (model Capacitors_SMD.3dshapes/C_1206.wrl
      (at (xyz 0 0 0))
      (scale (xyz 1 1 1))
      (rotate (xyz 0 0 0))
    )
  )

  (module Capacitors_SMD:C_1206 (layer F.Cu) (tedit 58AA84B8) (tstamp 5E63DCBC)
    (at 123.226078 82.55 270)
    (descr "Capacitor SMD 1206, reflow soldering, AVX (see smccp.pdf)")
    (tags "capacitor 1206")
    (path /5E68FD12)
    (attr smd)
    (fp_text reference C4 (at 0 -1.75 270) (layer F.SilkS)
      (effects (font (size 1 1) (thickness 0.15)))
    )
    (fp_text value C (at 0 2 270) (layer F.Fab)
      (effects (font (size 1 1) (thickness 0.15)))
    )
    (fp_line (start 2.25 1.05) (end -2.25 1.05) (layer F.CrtYd) (width 0.05))
    (fp_line (start 2.25 1.05) (end 2.25 -1.05) (layer F.CrtYd) (width 0.05))
    (fp_line (start -2.25 -1.05) (end -2.25 1.05) (layer F.CrtYd) (width 0.05))
    (fp_line (start -2.25 -1.05) (end 2.25 -1.05) (layer F.CrtYd) (width 0.05))
    (fp_line (start -1 1.02) (end 1 1.02) (layer F.SilkS) (width 0.12))
    (fp_line (start 1 -1.02) (end -1 -1.02) (layer F.SilkS) (width 0.12))
    (fp_line (start -1.6 -0.8) (end 1.6 -0.8) (layer F.Fab) (width 0.1))
    (fp_line (start 1.6 -0.8) (end 1.6 0.8) (layer F.Fab) (width 0.1))
    (fp_line (start 1.6 0.8) (end -1.6 0.8) (layer F.Fab) (width 0.1))
    (fp_line (start -1.6 0.8) (end -1.6 -0.8) (layer F.Fab) (width 0.1))
    (fp_text user %R (at 0 -1.75 270) (layer F.Fab)
      (effects (font (size 1 1) (thickness 0.15)))
    )
    (pad 2 smd rect (at 1.5 0 270) (size 1 1.6) (layers F.Cu F.Paste F.Mask)
      (net 1 GND))
    (pad 1 smd rect (at -1.5 0 270) (size 1 1.6) (layers F.Cu F.Paste F.Mask)
      (net 21 "Net-(C1-Pad1)"))
    (model Capacitors_SMD.3dshapes/C_1206.wrl
      (at (xyz 0 0 0))
      (scale (xyz 1 1 1))
      (rotate (xyz 0 0 0))
    )
  )

  (module Capacitors_SMD:C_1206 (layer F.Cu) (tedit 58AA84B8) (tstamp 5E63DCCD)
    (at 125.73 82.55 270)
    (descr "Capacitor SMD 1206, reflow soldering, AVX (see smccp.pdf)")
    (tags "capacitor 1206")
    (path /5E68FDF0)
    (attr smd)
    (fp_text reference C5 (at 0 -1.75 270) (layer F.SilkS)
      (effects (font (size 1 1) (thickness 0.15)))
    )
    (fp_text value C (at 0 2 270) (layer F.Fab)
      (effects (font (size 1 1) (thickness 0.15)))
    )
    (fp_line (start 2.25 1.05) (end -2.25 1.05) (layer F.CrtYd) (width 0.05))
    (fp_line (start 2.25 1.05) (end 2.25 -1.05) (layer F.CrtYd) (width 0.05))
    (fp_line (start -2.25 -1.05) (end -2.25 1.05) (layer F.CrtYd) (width 0.05))
    (fp_line (start -2.25 -1.05) (end 2.25 -1.05) (layer F.CrtYd) (width 0.05))
    (fp_line (start -1 1.02) (end 1 1.02) (layer F.SilkS) (width 0.12))
    (fp_line (start 1 -1.02) (end -1 -1.02) (layer F.SilkS) (width 0.12))
    (fp_line (start -1.6 -0.8) (end 1.6 -0.8) (layer F.Fab) (width 0.1))
    (fp_line (start 1.6 -0.8) (end 1.6 0.8) (layer F.Fab) (width 0.1))
    (fp_line (start 1.6 0.8) (end -1.6 0.8) (layer F.Fab) (width 0.1))
    (fp_line (start -1.6 0.8) (end -1.6 -0.8) (layer F.Fab) (width 0.1))
    (fp_text user %R (at 0 -1.75 270) (layer F.Fab)
      (effects (font (size 1 1) (thickness 0.15)))
    )
    (pad 2 smd rect (at 1.5 0 270) (size 1 1.6) (layers F.Cu F.Paste F.Mask)
      (net 1 GND))
    (pad 1 smd rect (at -1.5 0 270) (size 1 1.6) (layers F.Cu F.Paste F.Mask)
      (net 4 -15V))
    (model Capacitors_SMD.3dshapes/C_1206.wrl
      (at (xyz 0 0 0))
      (scale (xyz 1 1 1))
      (rotate (xyz 0 0 0))
    )
  )

  (module Capacitors_SMD:C_1206 (layer F.Cu) (tedit 58AA84B8) (tstamp 5E63DCDE)
    (at 123.226078 91.30812 270)
    (descr "Capacitor SMD 1206, reflow soldering, AVX (see smccp.pdf)")
    (tags "capacitor 1206")
    (path /5E68FAC2)
    (attr smd)
    (fp_text reference C6 (at 0 -1.75 270) (layer F.SilkS)
      (effects (font (size 1 1) (thickness 0.15)))
    )
    (fp_text value C (at 0 2 270) (layer F.Fab)
      (effects (font (size 1 1) (thickness 0.15)))
    )
    (fp_line (start 2.25 1.05) (end -2.25 1.05) (layer F.CrtYd) (width 0.05))
    (fp_line (start 2.25 1.05) (end 2.25 -1.05) (layer F.CrtYd) (width 0.05))
    (fp_line (start -2.25 -1.05) (end -2.25 1.05) (layer F.CrtYd) (width 0.05))
    (fp_line (start -2.25 -1.05) (end 2.25 -1.05) (layer F.CrtYd) (width 0.05))
    (fp_line (start -1 1.02) (end 1 1.02) (layer F.SilkS) (width 0.12))
    (fp_line (start 1 -1.02) (end -1 -1.02) (layer F.SilkS) (width 0.12))
    (fp_line (start -1.6 -0.8) (end 1.6 -0.8) (layer F.Fab) (width 0.1))
    (fp_line (start 1.6 -0.8) (end 1.6 0.8) (layer F.Fab) (width 0.1))
    (fp_line (start 1.6 0.8) (end -1.6 0.8) (layer F.Fab) (width 0.1))
    (fp_line (start -1.6 0.8) (end -1.6 -0.8) (layer F.Fab) (width 0.1))
    (fp_text user %R (at 0 -1.75 270) (layer F.Fab)
      (effects (font (size 1 1) (thickness 0.15)))
    )
    (pad 2 smd rect (at 1.5 0 270) (size 1 1.6) (layers F.Cu F.Paste F.Mask)
      (net 1 GND))
    (pad 1 smd rect (at -1.5 0 270) (size 1 1.6) (layers F.Cu F.Paste F.Mask)
      (net 7 +15V))
    (model Capacitors_SMD.3dshapes/C_1206.wrl
      (at (xyz 0 0 0))
      (scale (xyz 1 1 1))
      (rotate (xyz 0 0 0))
    )
  )

  (module Capacitors_SMD:C_1206 (layer F.Cu) (tedit 58AA84B8) (tstamp 5E63DCEF)
    (at 128.306078 82.55 270)
    (descr "Capacitor SMD 1206, reflow soldering, AVX (see smccp.pdf)")
    (tags "capacitor 1206")
    (path /5E68FE84)
    (attr smd)
    (fp_text reference C7 (at 0 -1.75 270) (layer F.SilkS)
      (effects (font (size 1 1) (thickness 0.15)))
    )
    (fp_text value C (at 0 2 270) (layer F.Fab)
      (effects (font (size 1 1) (thickness 0.15)))
    )
    (fp_text user %R (at 0 -1.75 270) (layer F.Fab)
      (effects (font (size 1 1) (thickness 0.15)))
    )
    (fp_line (start -1.6 0.8) (end -1.6 -0.8) (layer F.Fab) (width 0.1))
    (fp_line (start 1.6 0.8) (end -1.6 0.8) (layer F.Fab) (width 0.1))
    (fp_line (start 1.6 -0.8) (end 1.6 0.8) (layer F.Fab) (width 0.1))
    (fp_line (start -1.6 -0.8) (end 1.6 -0.8) (layer F.Fab) (width 0.1))
    (fp_line (start 1 -1.02) (end -1 -1.02) (layer F.SilkS) (width 0.12))
    (fp_line (start -1 1.02) (end 1 1.02) (layer F.SilkS) (width 0.12))
    (fp_line (start -2.25 -1.05) (end 2.25 -1.05) (layer F.CrtYd) (width 0.05))
    (fp_line (start -2.25 -1.05) (end -2.25 1.05) (layer F.CrtYd) (width 0.05))
    (fp_line (start 2.25 1.05) (end 2.25 -1.05) (layer F.CrtYd) (width 0.05))
    (fp_line (start 2.25 1.05) (end -2.25 1.05) (layer F.CrtYd) (width 0.05))
    (pad 1 smd rect (at -1.5 0 270) (size 1 1.6) (layers F.Cu F.Paste F.Mask)
      (net 4 -15V))
    (pad 2 smd rect (at 1.5 0 270) (size 1 1.6) (layers F.Cu F.Paste F.Mask)
      (net 1 GND))
    (model Capacitors_SMD.3dshapes/C_1206.wrl
      (at (xyz 0 0 0))
      (scale (xyz 1 1 1))
      (rotate (xyz 0 0 0))
    )
  )

  (module Capacitors_SMD:C_1206 (layer F.Cu) (tedit 58AA84B8) (tstamp 5E63DD00)
    (at 125.766078 91.30812 270)
    (descr "Capacitor SMD 1206, reflow soldering, AVX (see smccp.pdf)")
    (tags "capacitor 1206")
    (path /5E68FD80)
    (attr smd)
    (fp_text reference C8 (at 0 -1.75 270) (layer F.SilkS)
      (effects (font (size 1 1) (thickness 0.15)))
    )
    (fp_text value C (at 0 2 270) (layer F.Fab)
      (effects (font (size 1 1) (thickness 0.15)))
    )
    (fp_text user %R (at 0 -1.75 270) (layer F.Fab)
      (effects (font (size 1 1) (thickness 0.15)))
    )
    (fp_line (start -1.6 0.8) (end -1.6 -0.8) (layer F.Fab) (width 0.1))
    (fp_line (start 1.6 0.8) (end -1.6 0.8) (layer F.Fab) (width 0.1))
    (fp_line (start 1.6 -0.8) (end 1.6 0.8) (layer F.Fab) (width 0.1))
    (fp_line (start -1.6 -0.8) (end 1.6 -0.8) (layer F.Fab) (width 0.1))
    (fp_line (start 1 -1.02) (end -1 -1.02) (layer F.SilkS) (width 0.12))
    (fp_line (start -1 1.02) (end 1 1.02) (layer F.SilkS) (width 0.12))
    (fp_line (start -2.25 -1.05) (end 2.25 -1.05) (layer F.CrtYd) (width 0.05))
    (fp_line (start -2.25 -1.05) (end -2.25 1.05) (layer F.CrtYd) (width 0.05))
    (fp_line (start 2.25 1.05) (end 2.25 -1.05) (layer F.CrtYd) (width 0.05))
    (fp_line (start 2.25 1.05) (end -2.25 1.05) (layer F.CrtYd) (width 0.05))
    (pad 1 smd rect (at -1.5 0 270) (size 1 1.6) (layers F.Cu F.Paste F.Mask)
      (net 7 +15V))
    (pad 2 smd rect (at 1.5 0 270) (size 1 1.6) (layers F.Cu F.Paste F.Mask)
      (net 1 GND))
    (model Capacitors_SMD.3dshapes/C_1206.wrl
      (at (xyz 0 0 0))
      (scale (xyz 1 1 1))
      (rotate (xyz 0 0 0))
    )
  )

  (module Connectors_Molex:Molex_KK-6410-03_03x2.54mm_Straight (layer F.Cu) (tedit 58EE6EE6) (tstamp 5E63DD25)
    (at 147.828 96.52)
    (descr "Connector Headers with Friction Lock, 22-27-2031, http://www.molex.com/pdm_docs/sd/022272021_sd.pdf")
    (tags "connector molex kk_6410 22-27-2031")
    (path /5E640BD9)
    (fp_text reference CLAMP_H1 (at 1 -4.5) (layer F.SilkS)
      (effects (font (size 1 1) (thickness 0.15)))
    )
    (fp_text value R_POT (at 2.54 4.5) (layer F.Fab)
      (effects (font (size 1 1) (thickness 0.15)))
    )
    (fp_line (start -1.47 -3.12) (end -1.47 3.08) (layer F.Fab) (width 0.12))
    (fp_line (start -1.47 3.08) (end 6.55 3.08) (layer F.Fab) (width 0.12))
    (fp_line (start 6.55 3.08) (end 6.55 -3.12) (layer F.Fab) (width 0.12))
    (fp_line (start 6.55 -3.12) (end -1.47 -3.12) (layer F.Fab) (width 0.12))
    (fp_line (start -1.37 -3.02) (end -1.37 2.98) (layer F.SilkS) (width 0.12))
    (fp_line (start -1.37 2.98) (end 6.45 2.98) (layer F.SilkS) (width 0.12))
    (fp_line (start 6.45 2.98) (end 6.45 -3.02) (layer F.SilkS) (width 0.12))
    (fp_line (start 6.45 -3.02) (end -1.37 -3.02) (layer F.SilkS) (width 0.12))
    (fp_line (start 0 2.98) (end 0 1.98) (layer F.SilkS) (width 0.12))
    (fp_line (start 0 1.98) (end 5.08 1.98) (layer F.SilkS) (width 0.12))
    (fp_line (start 5.08 1.98) (end 5.08 2.98) (layer F.SilkS) (width 0.12))
    (fp_line (start 0 1.98) (end 0.25 1.55) (layer F.SilkS) (width 0.12))
    (fp_line (start 0.25 1.55) (end 4.83 1.55) (layer F.SilkS) (width 0.12))
    (fp_line (start 4.83 1.55) (end 5.08 1.98) (layer F.SilkS) (width 0.12))
    (fp_line (start 0.25 2.98) (end 0.25 1.98) (layer F.SilkS) (width 0.12))
    (fp_line (start 4.83 2.98) (end 4.83 1.98) (layer F.SilkS) (width 0.12))
    (fp_line (start -0.8 -3.02) (end -0.8 -2.4) (layer F.SilkS) (width 0.12))
    (fp_line (start -0.8 -2.4) (end 0.8 -2.4) (layer F.SilkS) (width 0.12))
    (fp_line (start 0.8 -2.4) (end 0.8 -3.02) (layer F.SilkS) (width 0.12))
    (fp_line (start 1.74 -3.02) (end 1.74 -2.4) (layer F.SilkS) (width 0.12))
    (fp_line (start 1.74 -2.4) (end 3.34 -2.4) (layer F.SilkS) (width 0.12))
    (fp_line (start 3.34 -2.4) (end 3.34 -3.02) (layer F.SilkS) (width 0.12))
    (fp_line (start 4.28 -3.02) (end 4.28 -2.4) (layer F.SilkS) (width 0.12))
    (fp_line (start 4.28 -2.4) (end 5.88 -2.4) (layer F.SilkS) (width 0.12))
    (fp_line (start 5.88 -2.4) (end 5.88 -3.02) (layer F.SilkS) (width 0.12))
    (fp_line (start -1.9 3.5) (end -1.9 -3.55) (layer F.CrtYd) (width 0.05))
    (fp_line (start -1.9 -3.55) (end 7 -3.55) (layer F.CrtYd) (width 0.05))
    (fp_line (start 7 -3.55) (end 7 3.5) (layer F.CrtYd) (width 0.05))
    (fp_line (start 7 3.5) (end -1.9 3.5) (layer F.CrtYd) (width 0.05))
    (fp_text user %R (at 2.54 0) (layer F.Fab)
      (effects (font (size 1 1) (thickness 0.15)))
    )
    (pad 1 thru_hole rect (at 0 0) (size 2 2.6) (drill 1.2) (layers *.Cu *.Mask)
      (net 7 +15V))
    (pad 2 thru_hole oval (at 2.54 0) (size 2 2.6) (drill 1.2) (layers *.Cu *.Mask)
      (net 23 "Net-(CLAMP_H1-Pad2)"))
    (pad 3 thru_hole oval (at 5.08 0) (size 2 2.6) (drill 1.2) (layers *.Cu *.Mask)
      (net 4 -15V))
    (model ${KISYS3DMOD}/Connectors_Molex.3dshapes/Molex_KK-6410-03_03x2.54mm_Straight.wrl
      (at (xyz 0 0 0))
      (scale (xyz 1 1 1))
      (rotate (xyz 0 0 0))
    )
  )

  (module Connectors_Molex:Molex_KK-6410-03_03x2.54mm_Straight (layer F.Cu) (tedit 58EE6EE6) (tstamp 5E63EA52)
    (at 166.624 96.52)
    (descr "Connector Headers with Friction Lock, 22-27-2031, http://www.molex.com/pdm_docs/sd/022272021_sd.pdf")
    (tags "connector molex kk_6410 22-27-2031")
    (path /5E63CF5D)
    (fp_text reference CMM1 (at 1 -4.5) (layer F.SilkS)
      (effects (font (size 1 1) (thickness 0.15)))
    )
    (fp_text value R_POT (at 2.54 4.5) (layer F.Fab)
      (effects (font (size 1 1) (thickness 0.15)))
    )
    (fp_text user %R (at 2.54 0) (layer F.Fab)
      (effects (font (size 1 1) (thickness 0.15)))
    )
    (fp_line (start 7 3.5) (end -1.9 3.5) (layer F.CrtYd) (width 0.05))
    (fp_line (start 7 -3.55) (end 7 3.5) (layer F.CrtYd) (width 0.05))
    (fp_line (start -1.9 -3.55) (end 7 -3.55) (layer F.CrtYd) (width 0.05))
    (fp_line (start -1.9 3.5) (end -1.9 -3.55) (layer F.CrtYd) (width 0.05))
    (fp_line (start 5.88 -2.4) (end 5.88 -3.02) (layer F.SilkS) (width 0.12))
    (fp_line (start 4.28 -2.4) (end 5.88 -2.4) (layer F.SilkS) (width 0.12))
    (fp_line (start 4.28 -3.02) (end 4.28 -2.4) (layer F.SilkS) (width 0.12))
    (fp_line (start 3.34 -2.4) (end 3.34 -3.02) (layer F.SilkS) (width 0.12))
    (fp_line (start 1.74 -2.4) (end 3.34 -2.4) (layer F.SilkS) (width 0.12))
    (fp_line (start 1.74 -3.02) (end 1.74 -2.4) (layer F.SilkS) (width 0.12))
    (fp_line (start 0.8 -2.4) (end 0.8 -3.02) (layer F.SilkS) (width 0.12))
    (fp_line (start -0.8 -2.4) (end 0.8 -2.4) (layer F.SilkS) (width 0.12))
    (fp_line (start -0.8 -3.02) (end -0.8 -2.4) (layer F.SilkS) (width 0.12))
    (fp_line (start 4.83 2.98) (end 4.83 1.98) (layer F.SilkS) (width 0.12))
    (fp_line (start 0.25 2.98) (end 0.25 1.98) (layer F.SilkS) (width 0.12))
    (fp_line (start 4.83 1.55) (end 5.08 1.98) (layer F.SilkS) (width 0.12))
    (fp_line (start 0.25 1.55) (end 4.83 1.55) (layer F.SilkS) (width 0.12))
    (fp_line (start 0 1.98) (end 0.25 1.55) (layer F.SilkS) (width 0.12))
    (fp_line (start 5.08 1.98) (end 5.08 2.98) (layer F.SilkS) (width 0.12))
    (fp_line (start 0 1.98) (end 5.08 1.98) (layer F.SilkS) (width 0.12))
    (fp_line (start 0 2.98) (end 0 1.98) (layer F.SilkS) (width 0.12))
    (fp_line (start 6.45 -3.02) (end -1.37 -3.02) (layer F.SilkS) (width 0.12))
    (fp_line (start 6.45 2.98) (end 6.45 -3.02) (layer F.SilkS) (width 0.12))
    (fp_line (start -1.37 2.98) (end 6.45 2.98) (layer F.SilkS) (width 0.12))
    (fp_line (start -1.37 -3.02) (end -1.37 2.98) (layer F.SilkS) (width 0.12))
    (fp_line (start 6.55 -3.12) (end -1.47 -3.12) (layer F.Fab) (width 0.12))
    (fp_line (start 6.55 3.08) (end 6.55 -3.12) (layer F.Fab) (width 0.12))
    (fp_line (start -1.47 3.08) (end 6.55 3.08) (layer F.Fab) (width 0.12))
    (fp_line (start -1.47 -3.12) (end -1.47 3.08) (layer F.Fab) (width 0.12))
    (pad 3 thru_hole oval (at 5.08 0) (size 2 2.6) (drill 1.2) (layers *.Cu *.Mask)
      (net 4 -15V))
    (pad 2 thru_hole oval (at 2.54 0) (size 2 2.6) (drill 1.2) (layers *.Cu *.Mask)
      (net 24 "Net-(CMM1-Pad2)"))
    (pad 1 thru_hole rect (at 0 0) (size 2 2.6) (drill 1.2) (layers *.Cu *.Mask)
      (net 7 +15V))
    (model ${KISYS3DMOD}/Connectors_Molex.3dshapes/Molex_KK-6410-03_03x2.54mm_Straight.wrl
      (at (xyz 0 0 0))
      (scale (xyz 1 1 1))
      (rotate (xyz 0 0 0))
    )
  )

  (module Connectors_Molex:Molex_KK-6410-02_02x2.54mm_Straight (layer F.Cu) (tedit 58EE6EE4) (tstamp 5E63DD6B)
    (at 128.27 116.84 270)
    (descr "Connector Headers with Friction Lock, 22-27-2021, http://www.molex.com/pdm_docs/sd/022272021_sd.pdf")
    (tags "connector molex kk_6410 22-27-2021")
    (path /5E666F2D)
    (fp_text reference J1 (at 1 -4.5 270) (layer F.SilkS)
      (effects (font (size 1 1) (thickness 0.15)))
    )
    (fp_text value INPUT (at 1.27 4.5 270) (layer F.Fab)
      (effects (font (size 1 1) (thickness 0.15)))
    )
    (fp_text user %R (at 2.54 2.54 270) (layer F.Fab)
      (effects (font (size 1 1) (thickness 0.15)))
    )
    (fp_line (start 4.45 3.5) (end -1.9 3.5) (layer F.CrtYd) (width 0.05))
    (fp_line (start 4.45 -3.55) (end 4.45 3.5) (layer F.CrtYd) (width 0.05))
    (fp_line (start -1.9 -3.55) (end 4.45 -3.55) (layer F.CrtYd) (width 0.05))
    (fp_line (start -1.9 3.5) (end -1.9 -3.55) (layer F.CrtYd) (width 0.05))
    (fp_line (start 3.34 -2.4) (end 3.34 -3.02) (layer F.SilkS) (width 0.12))
    (fp_line (start 1.74 -2.4) (end 3.34 -2.4) (layer F.SilkS) (width 0.12))
    (fp_line (start 1.74 -3.02) (end 1.74 -2.4) (layer F.SilkS) (width 0.12))
    (fp_line (start 0.8 -2.4) (end 0.8 -3.02) (layer F.SilkS) (width 0.12))
    (fp_line (start -0.8 -2.4) (end 0.8 -2.4) (layer F.SilkS) (width 0.12))
    (fp_line (start -0.8 -3.02) (end -0.8 -2.4) (layer F.SilkS) (width 0.12))
    (fp_line (start 2.29 2.98) (end 2.29 1.98) (layer F.SilkS) (width 0.12))
    (fp_line (start 0.25 2.98) (end 0.25 1.98) (layer F.SilkS) (width 0.12))
    (fp_line (start 2.29 1.55) (end 2.54 1.98) (layer F.SilkS) (width 0.12))
    (fp_line (start 0.25 1.55) (end 2.29 1.55) (layer F.SilkS) (width 0.12))
    (fp_line (start 0 1.98) (end 0.25 1.55) (layer F.SilkS) (width 0.12))
    (fp_line (start 2.54 1.98) (end 2.54 2.98) (layer F.SilkS) (width 0.12))
    (fp_line (start 0 1.98) (end 2.54 1.98) (layer F.SilkS) (width 0.12))
    (fp_line (start 0 2.98) (end 0 1.98) (layer F.SilkS) (width 0.12))
    (fp_line (start 3.91 -3.02) (end -1.37 -3.02) (layer F.SilkS) (width 0.12))
    (fp_line (start 3.91 2.98) (end 3.91 -3.02) (layer F.SilkS) (width 0.12))
    (fp_line (start -1.37 2.98) (end 3.91 2.98) (layer F.SilkS) (width 0.12))
    (fp_line (start -1.37 -3.02) (end -1.37 2.98) (layer F.SilkS) (width 0.12))
    (fp_line (start 4.01 -3.12) (end -1.47 -3.12) (layer F.Fab) (width 0.12))
    (fp_line (start 4.01 3.08) (end 4.01 -3.12) (layer F.Fab) (width 0.12))
    (fp_line (start -1.47 3.08) (end 4.01 3.08) (layer F.Fab) (width 0.12))
    (fp_line (start -1.47 -3.12) (end -1.47 3.08) (layer F.Fab) (width 0.12))
    (pad 2 thru_hole oval (at 2.54 0 270) (size 2 2.6) (drill 1.2) (layers *.Cu *.Mask)
      (net 1 GND))
    (pad 1 thru_hole rect (at 0 0 270) (size 2 2.6) (drill 1.2) (layers *.Cu *.Mask)
      (net 20 "Net-(BNC_INT1-Pad1)"))
    (model ${KISYS3DMOD}/Connectors_Molex.3dshapes/Molex_KK-6410-02_02x2.54mm_Straight.wrl
      (at (xyz 0 0 0))
      (scale (xyz 1 1 1))
      (rotate (xyz 0 0 0))
    )
  )

  (module Connectors_Molex:Molex_KK-6410-02_02x2.54mm_Straight (layer F.Cu) (tedit 58EE6EE4) (tstamp 5E63DD8C)
    (at 175.26 123.19)
    (descr "Connector Headers with Friction Lock, 22-27-2021, http://www.molex.com/pdm_docs/sd/022272021_sd.pdf")
    (tags "connector molex kk_6410 22-27-2021")
    (path /5E66E376)
    (fp_text reference J2 (at 1 -4.5) (layer F.SilkS)
      (effects (font (size 1 1) (thickness 0.15)))
    )
    (fp_text value ~OUT (at 1.27 4.5) (layer F.Fab)
      (effects (font (size 1 1) (thickness 0.15)))
    )
    (fp_text user %R (at 1.27 0) (layer F.Fab)
      (effects (font (size 1 1) (thickness 0.15)))
    )
    (fp_line (start 4.45 3.5) (end -1.9 3.5) (layer F.CrtYd) (width 0.05))
    (fp_line (start 4.45 -3.55) (end 4.45 3.5) (layer F.CrtYd) (width 0.05))
    (fp_line (start -1.9 -3.55) (end 4.45 -3.55) (layer F.CrtYd) (width 0.05))
    (fp_line (start -1.9 3.5) (end -1.9 -3.55) (layer F.CrtYd) (width 0.05))
    (fp_line (start 3.34 -2.4) (end 3.34 -3.02) (layer F.SilkS) (width 0.12))
    (fp_line (start 1.74 -2.4) (end 3.34 -2.4) (layer F.SilkS) (width 0.12))
    (fp_line (start 1.74 -3.02) (end 1.74 -2.4) (layer F.SilkS) (width 0.12))
    (fp_line (start 0.8 -2.4) (end 0.8 -3.02) (layer F.SilkS) (width 0.12))
    (fp_line (start -0.8 -2.4) (end 0.8 -2.4) (layer F.SilkS) (width 0.12))
    (fp_line (start -0.8 -3.02) (end -0.8 -2.4) (layer F.SilkS) (width 0.12))
    (fp_line (start 2.29 2.98) (end 2.29 1.98) (layer F.SilkS) (width 0.12))
    (fp_line (start 0.25 2.98) (end 0.25 1.98) (layer F.SilkS) (width 0.12))
    (fp_line (start 2.29 1.55) (end 2.54 1.98) (layer F.SilkS) (width 0.12))
    (fp_line (start 0.25 1.55) (end 2.29 1.55) (layer F.SilkS) (width 0.12))
    (fp_line (start 0 1.98) (end 0.25 1.55) (layer F.SilkS) (width 0.12))
    (fp_line (start 2.54 1.98) (end 2.54 2.98) (layer F.SilkS) (width 0.12))
    (fp_line (start 0 1.98) (end 2.54 1.98) (layer F.SilkS) (width 0.12))
    (fp_line (start 0 2.98) (end 0 1.98) (layer F.SilkS) (width 0.12))
    (fp_line (start 3.91 -3.02) (end -1.37 -3.02) (layer F.SilkS) (width 0.12))
    (fp_line (start 3.91 2.98) (end 3.91 -3.02) (layer F.SilkS) (width 0.12))
    (fp_line (start -1.37 2.98) (end 3.91 2.98) (layer F.SilkS) (width 0.12))
    (fp_line (start -1.37 -3.02) (end -1.37 2.98) (layer F.SilkS) (width 0.12))
    (fp_line (start 4.01 -3.12) (end -1.47 -3.12) (layer F.Fab) (width 0.12))
    (fp_line (start 4.01 3.08) (end 4.01 -3.12) (layer F.Fab) (width 0.12))
    (fp_line (start -1.47 3.08) (end 4.01 3.08) (layer F.Fab) (width 0.12))
    (fp_line (start -1.47 -3.12) (end -1.47 3.08) (layer F.Fab) (width 0.12))
    (pad 2 thru_hole oval (at 2.54 0) (size 2 2.6) (drill 1.2) (layers *.Cu *.Mask)
      (net 1 GND))
    (pad 1 thru_hole rect (at 0 0) (size 2 2.6) (drill 1.2) (layers *.Cu *.Mask)
      (net 2 "Net-(J2-Pad1)"))
    (model ${KISYS3DMOD}/Connectors_Molex.3dshapes/Molex_KK-6410-02_02x2.54mm_Straight.wrl
      (at (xyz 0 0 0))
      (scale (xyz 1 1 1))
      (rotate (xyz 0 0 0))
    )
  )

  (module Connectors_Molex:Molex_KK-6410-02_02x2.54mm_Straight (layer F.Cu) (tedit 58EE6EE4) (tstamp 5E6401FC)
    (at 173.99 107.95)
    (descr "Connector Headers with Friction Lock, 22-27-2021, http://www.molex.com/pdm_docs/sd/022272021_sd.pdf")
    (tags "connector molex kk_6410 22-27-2021")
    (path /5E66E557)
    (fp_text reference J3 (at 1 -4.5) (layer F.SilkS)
      (effects (font (size 1 1) (thickness 0.15)))
    )
    (fp_text value OUT (at 1.27 4.5) (layer F.Fab)
      (effects (font (size 1 1) (thickness 0.15)))
    )
    (fp_line (start -1.47 -3.12) (end -1.47 3.08) (layer F.Fab) (width 0.12))
    (fp_line (start -1.47 3.08) (end 4.01 3.08) (layer F.Fab) (width 0.12))
    (fp_line (start 4.01 3.08) (end 4.01 -3.12) (layer F.Fab) (width 0.12))
    (fp_line (start 4.01 -3.12) (end -1.47 -3.12) (layer F.Fab) (width 0.12))
    (fp_line (start -1.37 -3.02) (end -1.37 2.98) (layer F.SilkS) (width 0.12))
    (fp_line (start -1.37 2.98) (end 3.91 2.98) (layer F.SilkS) (width 0.12))
    (fp_line (start 3.91 2.98) (end 3.91 -3.02) (layer F.SilkS) (width 0.12))
    (fp_line (start 3.91 -3.02) (end -1.37 -3.02) (layer F.SilkS) (width 0.12))
    (fp_line (start 0 2.98) (end 0 1.98) (layer F.SilkS) (width 0.12))
    (fp_line (start 0 1.98) (end 2.54 1.98) (layer F.SilkS) (width 0.12))
    (fp_line (start 2.54 1.98) (end 2.54 2.98) (layer F.SilkS) (width 0.12))
    (fp_line (start 0 1.98) (end 0.25 1.55) (layer F.SilkS) (width 0.12))
    (fp_line (start 0.25 1.55) (end 2.29 1.55) (layer F.SilkS) (width 0.12))
    (fp_line (start 2.29 1.55) (end 2.54 1.98) (layer F.SilkS) (width 0.12))
    (fp_line (start 0.25 2.98) (end 0.25 1.98) (layer F.SilkS) (width 0.12))
    (fp_line (start 2.29 2.98) (end 2.29 1.98) (layer F.SilkS) (width 0.12))
    (fp_line (start -0.8 -3.02) (end -0.8 -2.4) (layer F.SilkS) (width 0.12))
    (fp_line (start -0.8 -2.4) (end 0.8 -2.4) (layer F.SilkS) (width 0.12))
    (fp_line (start 0.8 -2.4) (end 0.8 -3.02) (layer F.SilkS) (width 0.12))
    (fp_line (start 1.74 -3.02) (end 1.74 -2.4) (layer F.SilkS) (width 0.12))
    (fp_line (start 1.74 -2.4) (end 3.34 -2.4) (layer F.SilkS) (width 0.12))
    (fp_line (start 3.34 -2.4) (end 3.34 -3.02) (layer F.SilkS) (width 0.12))
    (fp_line (start -1.9 3.5) (end -1.9 -3.55) (layer F.CrtYd) (width 0.05))
    (fp_line (start -1.9 -3.55) (end 4.45 -3.55) (layer F.CrtYd) (width 0.05))
    (fp_line (start 4.45 -3.55) (end 4.45 3.5) (layer F.CrtYd) (width 0.05))
    (fp_line (start 4.45 3.5) (end -1.9 3.5) (layer F.CrtYd) (width 0.05))
    (fp_text user %R (at 1.27 0) (layer F.Fab)
      (effects (font (size 1 1) (thickness 0.15)))
    )
    (pad 1 thru_hole rect (at 0 0) (size 2 2.6) (drill 1.2) (layers *.Cu *.Mask)
      (net 3 "Net-(J3-Pad1)"))
    (pad 2 thru_hole oval (at 2.54 0) (size 2 2.6) (drill 1.2) (layers *.Cu *.Mask)
      (net 1 GND))
    (model ${KISYS3DMOD}/Connectors_Molex.3dshapes/Molex_KK-6410-02_02x2.54mm_Straight.wrl
      (at (xyz 0 0 0))
      (scale (xyz 1 1 1))
      (rotate (xyz 0 0 0))
    )
  )

  (module Connectors_Molex:Molex_KK-6410-03_03x2.54mm_Straight (layer F.Cu) (tedit 58EE6EE6) (tstamp 5E63DDD2)
    (at 135.926078 88.76812 90)
    (descr "Connector Headers with Friction Lock, 22-27-2031, http://www.molex.com/pdm_docs/sd/022272021_sd.pdf")
    (tags "connector molex kk_6410 22-27-2031")
    (path /5E67EC9C)
    (fp_text reference J4 (at 1 -4.5 90) (layer F.SilkS)
      (effects (font (size 1 1) (thickness 0.15)))
    )
    (fp_text value Conn_01x03_Male (at 2.54 4.5 90) (layer F.Fab)
      (effects (font (size 1 1) (thickness 0.15)))
    )
    (fp_line (start -1.47 -3.12) (end -1.47 3.08) (layer F.Fab) (width 0.12))
    (fp_line (start -1.47 3.08) (end 6.55 3.08) (layer F.Fab) (width 0.12))
    (fp_line (start 6.55 3.08) (end 6.55 -3.12) (layer F.Fab) (width 0.12))
    (fp_line (start 6.55 -3.12) (end -1.47 -3.12) (layer F.Fab) (width 0.12))
    (fp_line (start -1.37 -3.02) (end -1.37 2.98) (layer F.SilkS) (width 0.12))
    (fp_line (start -1.37 2.98) (end 6.45 2.98) (layer F.SilkS) (width 0.12))
    (fp_line (start 6.45 2.98) (end 6.45 -3.02) (layer F.SilkS) (width 0.12))
    (fp_line (start 6.45 -3.02) (end -1.37 -3.02) (layer F.SilkS) (width 0.12))
    (fp_line (start 0 2.98) (end 0 1.98) (layer F.SilkS) (width 0.12))
    (fp_line (start 0 1.98) (end 5.08 1.98) (layer F.SilkS) (width 0.12))
    (fp_line (start 5.08 1.98) (end 5.08 2.98) (layer F.SilkS) (width 0.12))
    (fp_line (start 0 1.98) (end 0.25 1.55) (layer F.SilkS) (width 0.12))
    (fp_line (start 0.25 1.55) (end 4.83 1.55) (layer F.SilkS) (width 0.12))
    (fp_line (start 4.83 1.55) (end 5.08 1.98) (layer F.SilkS) (width 0.12))
    (fp_line (start 0.25 2.98) (end 0.25 1.98) (layer F.SilkS) (width 0.12))
    (fp_line (start 4.83 2.98) (end 4.83 1.98) (layer F.SilkS) (width 0.12))
    (fp_line (start -0.8 -3.02) (end -0.8 -2.4) (layer F.SilkS) (width 0.12))
    (fp_line (start -0.8 -2.4) (end 0.8 -2.4) (layer F.SilkS) (width 0.12))
    (fp_line (start 0.8 -2.4) (end 0.8 -3.02) (layer F.SilkS) (width 0.12))
    (fp_line (start 1.74 -3.02) (end 1.74 -2.4) (layer F.SilkS) (width 0.12))
    (fp_line (start 1.74 -2.4) (end 3.34 -2.4) (layer F.SilkS) (width 0.12))
    (fp_line (start 3.34 -2.4) (end 3.34 -3.02) (layer F.SilkS) (width 0.12))
    (fp_line (start 4.28 -3.02) (end 4.28 -2.4) (layer F.SilkS) (width 0.12))
    (fp_line (start 4.28 -2.4) (end 5.88 -2.4) (layer F.SilkS) (width 0.12))
    (fp_line (start 5.88 -2.4) (end 5.88 -3.02) (layer F.SilkS) (width 0.12))
    (fp_line (start -1.9 3.5) (end -1.9 -3.55) (layer F.CrtYd) (width 0.05))
    (fp_line (start -1.9 -3.55) (end 7 -3.55) (layer F.CrtYd) (width 0.05))
    (fp_line (start 7 -3.55) (end 7 3.5) (layer F.CrtYd) (width 0.05))
    (fp_line (start 7 3.5) (end -1.9 3.5) (layer F.CrtYd) (width 0.05))
    (fp_text user %R (at 2.54 0 90) (layer F.Fab)
      (effects (font (size 1 1) (thickness 0.15)))
    )
    (pad 1 thru_hole rect (at 0 0 90) (size 2 2.6) (drill 1.2) (layers *.Cu *.Mask)
      (net 22 "Net-(C2-Pad1)"))
    (pad 2 thru_hole oval (at 2.54 0 90) (size 2 2.6) (drill 1.2) (layers *.Cu *.Mask)
      (net 1 GND))
    (pad 3 thru_hole oval (at 5.08 0 90) (size 2 2.6) (drill 1.2) (layers *.Cu *.Mask)
      (net 21 "Net-(C1-Pad1)"))
    (model ${KISYS3DMOD}/Connectors_Molex.3dshapes/Molex_KK-6410-03_03x2.54mm_Straight.wrl
      (at (xyz 0 0 0))
      (scale (xyz 1 1 1))
      (rotate (xyz 0 0 0))
    )
  )

